131521531314413165554663355645644257613274614177575564515343675763343717733131466417431176612316451651616515743463261461663563523613444154252
254321311411454534466161643621353541657535174621665776157212576336534177224356633176673161736154621567774544771521656112526146345152542542144
551351111513441213121553332663651663461337267643135466575723446757536642575253255533424362727626726757571773547675755535113411643655666421155
432441114441634623124235621172721357265624163241322367515467653777221636524525344476227651326213614237251362626121272326365414252511244543235
123446644263133636563125442513327163531257754357124723174461274634486378448662787433262446144331424545356266752331761255666153254422331442312
445531164461411225156114224751735714616427722742152675535468555464266323232755552472777255653516754653257163141164722372651154162333652316333
342144656363316445422515743357366245625611741277741824258248645367823568263784886374334356656335213467665443136135333431646623365511355246456
552242522226252421251272356151666171264443651417744227455576525533885424286843432245373223424634724772576436333712761676744425361351245632312
612551451436464246322217334227753733547232667136642536657455822665788622252375362863766734462662722253271747771377641346653653415654244224661
353634434225211132116644241741437442465514222678864478678466525448527772774526335383726558467633287737752127763676562715531752215424315464342
211262235215333566414164677164434362344228654467842353645887736675532724265877647772354547825677646382537456437353641734264226136666534644435
533343166334146455664537412731425332573423823422777423632786544384636536253447666743784665378843644465827171724436345114652646734635516641633
143123132166633162271477311632743722677843628866743256554535447473822765536762465544586458248543657864675147373475472252544262622316551126552
332562532161613237422345157536347631248873425526288742323286432873728776732463455255258268268457875678284845331214174444512574776535662463532
245221445436116317321453527742355273752233262374487478544854368647687784763246268852475754382258272883644568427363264216524356364415645451246
264543412551657621637447174356572536667683464443827544447575824883472587527728326723628335774846256622433776533361432756433277152321124463512
613364515655656321551417635422654426673422652787485555452658228388545846585323553246358357634666575525256236586351257656764751163315255643534
435252225517227625163447742427648835382284587243867887833732445527774345547893884737537783337765433456784767872425614362473664111542112545544
225633616513222474673555542614286826263775267486775553772485846897789589597653799376452288678852788288336585438363347456322352412632643614132
654241553746415256745216112453885877373724675557524544347657774979337333965636458845393554432754543426628277745378341645442256777152643453121
216464644454265454532564473624788458283825688482328729675888995368379957858787885695586869742528385637235838856547866155415164775431432235554
622314657242364465565254745528228332727266425546547648695594689684387486798363494693848648473673727322462662585827826225211416135651164532256
114361346312663445432743886276387267674883665537446646989959663948435849757745834494533736563555433353683625435537845262516542765435346213443
422663644132375537643543877864767527248522473453569335759446368544846665344645434547945469746774555787268626732884624358436574642323324454325
226341577473112443162244586222845646847552753757788658649676733985497444849695535597535697496769844745485388734243222726643422534451373117513
215472262113561361133474334862723656256728456968496385844374433575895993449636658746788999898878788642658833734243343553485366621134175237562
565142545162432335553645537766844326326544996936664586998736684956767697854433548688773458483663436788884768568745888732227567142551411642364
363537234121663665278485344384667833682953653479696679589435458338545375954655673766548499774993495355372642826433385678662727353254461754734
335541163653142161323677583264278247276648946559958844436637587834838785785453679575468599674467395935957466645432833573742617126172416334134
317563475422251172574344727256677577634368344447864944547668836567796686494873693878458439893745998933358384886328436556234854222565272711172
316443612746646713488784247722333786548887667668668375357656957583856756587658999343856557595585569646497874248866752358752586657245363566651
742665262276145343647875365366373759474785987498366383695555835466747866464789467865974867958553355899576384824455556673824742521333347142314
271521715675114643658577252753763839567865435357557853379778854559884856689986466648878877765799635783987858442278436524688655834615546116353
363573516327262688343535534742722436488657749977985535337974556878665767764775556869495596555863845588534335376337528372644428775517625556422
232647476772633645537644768225876674836684698367944857887884659565976886477658474569759887987398398874853799789462835538738726246523162623531
712345444646653567657745553844267657744569954634454987657989897475868984847698797878498688487683659486867554879933545253452883652655562347221
676716513661688827573886668724459838494548389948787896567578798978856857544987867578846496658639995958553668356364665686272442424272656656657
714563243744275258674484426359669765395947843863878796986697547794576579979975645567454857577554393875499974684438882383374554827715172245661
733763641216248357287546438575537339337499676434569898845474695987468764777467855984966594595874874379463878784649555685865384558224476466154
122175543158336566874662376748875735649973573568764778997779598477757954954989574988458759895664873595565466734638458242528226373785336362332
245463144775558287534254833967339637358996933885979587889679775584578679985649568594778984475647786589339893958684896754458774228456276124214
757612743438282725557758249659766865595469939647467989945445479469546689454749664876785468576657476748836896895495389332624867288477646413323
722153352662427622347825239359449948757556785558599957977767664969767684645569474796798845687576658859457333933675993868425865252888546676647
655172344678257853883425794755679953849744849664489954896778589796459746486799656484979458684865894847475668889686433438764443366244261232656
162462531888742232875488866567767735336657446789967885546767765569585585878985767889455874674468459445785486694798397497526632722477644716674
242353233478824387537334694964738445464895475449878565488667855989766885785769795776765474768476484745794459435747853436273875878743561414273
664715236735588465352229986888373699885574789677658545769846568966867885877995586767979548665677664568549576557445648664254888466854277667242
543247622573868422872537474863958775877598674769697974668449687667558969788666997786786869848457465497697785358657948738362436233685734315554
635516668624276843427654786688543776684996669666697956564987777575865967656995798565886787774789776765488694666845946886733754223688463413553
726244332658246283737747437649883848645896958587858488488759757659759969996765866688768677694488444695566738883396794664936528228532658437224
663731384784678252356373539867557655666699595956579948955789958697957596756576667998567798699447466798745658593579786357767864226285742524715
565543444788663227462389697377874577598877984677568875797858597576985768598888865975896867694694759778745854749639556798552872656625468332424
153325656864776582846465377559367577978448769955584455558579677685565899578959668779659876588759985648747757838633694863485344474248856336147
536374735686762633228836739769564699869444449969458785996557789755858578789998789787965675666559568745865685583834839873854687685782833264465
774773863338734283336634947736939687769749974559698998679767795785577765976587565996955867668799798958846855669795737335876224468444826256472
561224576433232354749483886455637689857478557877876957565568697695866678969967867657585885996576756596686797737676679646538976386738738427143
235423764823584788654934486537698565489955588954976667585596656788875797968796857776859586868969856864975997484565485574654937683756838425314
356477878377755324746474936736734765775944656889979598757585665579988868799587786686987889999954784888846786659879456499857676766658364866753
343463783884548723286545357959568655898755558749578868987898867769887798668886657878966685585885668747654655793867948788339943682533437444137
721478685435244783563943339558694757886457669789697856685986698867789767866867979556565568697688865648746878596489456635983877677674485374171
571274872383884835338375798745369969446445489957855578566598965887866686677979698758798578656968596694987675665346765639936774526235864842312
441162566683346665976974596739867576945789746989695588986669597898777886896667878896898577889768599888898448859847695959545537275537742543517
267273334848287463887834665984947565779488854497557959988776897989977987897769799958958557699565659598864695454874464988445866643562383728822
333585242832838557448544874996398588955749757579685868796887867668869986779889877699696668696576987499756846796678897438365733268448387837721
624624724588444535778636655556385686555489455587596795598798767879688886967678969989885766769575676664769584868838379469448882456427437777332
342445435623444563383969633857884555985997485885867978775986976967968698796787996786679957595899965476678768666683843937378788782733578487321
171185248322547583488847338593699554579744765766575797879786987768889898996768777887559768556756557579795467984847459833787935483868664264773
665282632778825737797689495978874748644998956778688759896567668687999968787686976977767567897598859569489957976776537883676394557585642877876
612255333377233543738586964773677457874877976785558895967667688869697999869987889779766795859986769997956764857457399589734398852568546223566
145468486222328253765834868956445954658785665567789998677578978967768888789796879967657677975989899779994567596986444576439838758342622674675
555688565735352444387589856376789895994955498575598696587667686689787969898769968887688777589856878548899475899848464896567563534547227635345
677357723425675467383579757799699445867568477577776778556968678987879967787797769666895986598586686566869497454747434678938653233363355767461
343568483385257574437438757565798657995855788787667787666586899979878689678896999866789755567799675797994955697746859968484855277436486656863
326676886762328437836595893999567966488576559585666695655786686668789778666678988899669778586599855669448889967578995874367875348545575623764
371243428277463637346789636578988747995849649857879666899777979767767969986798966877787568889568986675556557599443776345574776687868823538237
775225382257568444896473954597499889489678766996589796897587687696779788869689887969765677796965979998644748696659877944538995664453245745713
523343358253743468855658847849676597847985889578575766666676888787997699677979768669885756567697874758486656665473877443653899687667264868855
643427332753365463837574885546597597755855654586897959668986898667798888678896796699959955889986798679454988485997555546787977648856858585453
157342282823457268346378938388974764988879978957558856695866676988996686767689779869956556977665976586498675447644453988974534488672853367323
547125787522487233446878759439477697767787846798666958759687899996689977787677789965696767755676898966587989946453634444666443827537356357417
254287473232444758783646563945637468497764944967676877758786777776678777999779868676899678798678966968784894867483584376854346357755777563615
554165726834468847535767685943965566857765445598565867696858658996879668998866798768899888859897874968669766487856396858488843252335428574614
265285777545335665856578776754396844479984767788998866565659786999798777669678689998685879787887599644555497887434356499347564847486545377875
463447737288846887363964563767956566946794698768668666769679578988998899969678586985567767778955776756878594555989946545637498337328336528445
261518474486245283833345487479573584778948758558599568687687999996676777776986987865888665999697747687685676543856553663387534734242786656752
635147647263678582663677689884565577447959675688756965867568785969765596768896876857899567677776476744778565664837479835966876435584855438552
557545647383765527296379893848895364766854766956796555688659956855796759999596766658696675989774894459968947945477557797753356627275437576451
543613286777256843584479776587398679479495546678668986866986855957767899859988796879867776658587798994898995978838665698356774475837726654322
223747357427768788726395498953637395998687499976578559569769889997698957679869997955867766796898475858794587465646695333696855243452683736543
126324266572355663683783669856569476689944857466884765857857875856795595985967969598877985794798546547858686499398878366738824633334545353453
546666463268542254564365887733579495856749598984795479966977865897768755888587558999658677549659449777795578449457849378766454458867278271227
766752328754236626825668547473844463764845755776958546666756868655758798865789867687567887978787756847765974397953956534658853274835487783462
242677674625253274522576448565877645475794967467644589787797859877587756656978975956886685698466965448779444446545893659997624427427366615475
113662224244372372723544453597458793589944555979549497565696995966568989586766599677665765465496454968884796765336693367488383663774673225145
575753446257728322467895394765459734835575565857565556957777858769597798698895589886557775975798844849656389393863863653822634747827238847223
554153776364424272764426774777676399395977866559474947589787766985557798697567965669585986854884874859855975796588655668377373286357252631174
555244763773384488245347597965877633475846965565669789948477957598756895566668756799644955744869477656793878566746333758727886248265737755636
511462132578858542236436694355554578853676445945997856448748646899858985975889799764955695567987556696765498687994989485246856478225226172574
275522616565387258763578345996978993475499849674694598656845856795646869668446678689766596496445744674663453464586648878862754265574666522577
152232356188688367332425688887946773766664879784577748499596475457559886994487644798444876998656679775788534663736654882763484835227353553552
343737252228848383547477776879538447646893689884654494766899888495969754648886475844946555787879559474637685898974749922727287538454657662127
252444474342645787874645678965753334547888458997778966874954579854765887658996699685459868868458666559539833535573898283343553387556441336344
661712736574455876442864833846745865373967699557884867878495455977664559769564685785946565879496566737795635655388673547286326747723266741762
124475116337557533256422835966367476894597469386954895876566479988545986749687449979467764988656869958474577447939556788882768256347462315262
433454471737233374643548238449498658585479737886789557866555557994798898984866578795977485555486738583769934337569936326823442525561326461611
541231543366377387642534526457768773693478939465647847475465956969675584576978697874498447487653936799635695638539237628842758573363364244756
354573425252154245356873543836883355547477563889744546987574889667989448946668788587978774543397963683688469577976737356647553282474174674151
123154734516772566258276348725837979558866478339588375595485665487756598459756756559668594798785797874467336535727737826742885867162342472512
367165651276364244327676365568854845666585644859436767787796599864858776777688768799756558857583836585499836558266527458775282767233672416425
132441731572413583234527458865658456647337674533938985874577755957494878486467547947466894954774446357849745853473765858765555255214464653375
527164715264551736546338555422635575676478986439679383734844668588747986795666449789565886678865737536568958464638652557862585234773135623445
473625123377214358878243625673256488348333495557483884763439858994688677498647866993585698378848534737439995367485285762367328326667534657353
442431532514243627534484657636227557597479944895477544977854758949496884876898434768476364673385596964499868377222553456365768461255361637556
317412461772761314567546567654427564785793459547789685685974586963888446554335985878447366867467589477966467757732535883765647534613145447772
512136722424557276145657582267746274227834668466739475373867455447374536859737564594494665577387449448853887772628866435788562116752661565155
144234437532544772134645682624352477248643747445769465349587673673336359744776597669846434537747639598447388383752557562274543565773514217133
325635414524451217564245676352236365566675749543883949339788349878373376599496397478966888394567948966275457287763373827273665447166371675612
556154253526567771363435622544437723757534733538439833588595636596697579886753895644834987678939483933222572577226437654783437451171637775125
146242634575476636116238468742337248338788458676785667697553797987569747374585795697993473487974964282367753483257442868853154734626741552414
316567527457122337416542227424577337725326464774345975345636936557445489875643739488559958667897955363647853337622776748152761514333462723411
253216352444247441363736244682682354248766426652678476733789594788465357889577799784787449938544382835352547757743333653561221641643142664615
143115265131671266253721675324423667877248338226389557398987356973334465745985434633884755449483432882474524457362348465717213534237666625533
463225654541344717346262573758663336456256826757585843589995367637476393738379948886967996358527477574237657666784758714425324234117237352565
533523555534463145375222277172236865722364656362632534663876464694566536999879476635973874373255565572677347453564347524677422257275651444426
422162111612337777416173771154677237664625775282324875872666889397344535997987459739587634844273627475287638837524256515614712273677671341252
145411356257217722114476717424533622534725643655474468486445468486885583679699373745455657345888562844625266632247472227623745663743213161456
152156654514233422146645176572565685848857838673588635535356454663432632654455727677678372668756463276686647242555514673313476523656262253266
666225453426565773663762227144571324234858554658757324475233483728657547687586582866757272587762554347556866346244441234521463655765431325112
511136633534477724515111652715427375553642345842856457656822754425558468564583645677625385235535786884524528821133653335352326527734465231526
143535341544163716473632713155753265747373874644725765653344348325252663478358388724827777857577282347634877163212333457436166276366611442254
365452251135242173735434344453537644726734378234684827753877243545634427522263888664277234483544762567626131764654166452231277175236243534344
265453353544244422172733513775235334637648856626634275787777587627864637732435678645678782253242484665451212361246275361646767613351126113446
351164446164565347672555143725344133531222564256383333367347623324758686528454442638622425287467732385154477324351617527514553341336614326625
635525653613153621765576657622261763533272712364863262354784862876832466546357488887572853834832568215625715673763361425345326112126513625516
133546455652256514234762455172227653166374752224866336348537424423232625226758824725835275754788667315776773644162434677276544214535143452133
546433443346524662342141452141156551252777472141825222882733566325672334348754852647687568528621175561161645225665547711254124642313355256531
512246346516263262156146252342456171731225451121711833732673568377675737344646365233227875382243112522526235726547133736551446244145652645315
333554234526135462565532526655616427174352422567454241226847482647684775336284762663226662331434356142117754376611323415141226611346542541342
132233616631113614415163246465561151235211615722654454661763477364446875527263226337724654417171457672576522165442766724162511413346523112141
415524312615655662311343327662346226346475442247556767434567325742333762626637153121541617253443571674174324232543472364252353664523655562344
315122331212345234666316461662714174774112716446152344247762426533263122662171731364456714145662776273426434357543316152365314263542426365135
